rotation:
[ 0.68316462 -0.68338771  0.17581486 -0.18799863]
[ 0.50745829 -0.49812866  0.49496606 -0.49934369]
[-0.19470424  0.17808752 -0.68312934  0.68095909]
[-0.67797289  0.6871698   0.19201452 -0.1768143 ]
[-0.49033062  0.50741961  0.50819262 -0.49379061]
[-0.17126042  0.1897148   0.68851343 -0.6786766 ]

translation:
[1.28400265 0.31639086 1.67877024]
[ 1.50612211 -0.03602647  1.69421848]
[ 1.27320628 -0.31664681  1.68114556]
[1.04338732 0.31565584 1.66400371]
[ 0.81558292 -0.00559198  1.65395645]
[ 1.04116266 -0.31121292  1.66718288]

matrices:
[[879.03824732   0.         613.17597314]
 [  0.         879.03824732 524.14407205]
 [  0.           0.           1.        ]]

[[882.61644117   0.         621.63358525]
 [  0.         882.61644117 524.38397862]
 [  0.           0.           1.        ]]

[[880.41134027   0.         618.9494972 ]
 [  0.         880.41134027 521.38918482]
 [  0.           0.           1.        ]]

[[881.28264688   0.         612.29732111]
 [  0.         881.28264688 521.77447199]
 [  0.           0.           1.        ]]

[[882.93018422   0.         616.45479905]
 [  0.         882.93018422 528.27123027]
 [  0.           0.           1.        ]]

[[881.63835671   0.         607.66308183]
 [  0.         881.63835671 525.6185326 ]
 [  0.           0.           1.        ]]

camera order:
'CAM_FRONT_LEFT', 'CAM_FRONT', 'CAM_FRONT_RIGHT', 'CAM_BACK_LEFT', 'CAM_BACK', 'CAM_BACK_RIGHT'